25
13
01020202021002020202020202020202020202020210020203
07000000000000000000000000000000000000000000000008
07000102020203000800000000000000000000000000131308
09000700000011000800000000000000000000000000130008
07000700000008000800000000000000000000000000130008
07000405050506000800000000000000000000000000130008
07000102020203000800000000000000000000000000130008
07000700000008000800000000000000000000000000130008
07000700000011001502020202020000000000000000130008
07000405050506000000000000000000000000000000130008
07000000000000160505121205050505050505050505130506
0405050505050506-1-11313-1-1-1-1-1-1-1-1-1-1-1-1-1
-1-1-1-1-1-1-1-1-1-11313-1-1-1-1-1-1-1-1-1-1-1-1-1
0 320 120 0
1 264 120 0
1 456 216 90
2 384 24 0